1.0
0.5
0.333333333333333
0.25
0.2
0.166666666666667
0.142857142857143
0.125
0.111111111111111
0.1
0.090909090909091
0.083333333333333
0.076923076923077
0.071428571428571
0.066666666666667
0.0625
0.058823529411765
0.055555555555556
0.052631578947368
0.05
0.047619047619048
0.045454545454545
0.043478260869565
0.041666666666667
0.04
0.038461538461538
0.037037037037037
0.035714285714286
0.03448275862069
0.033333333333333
0.032258064516129
0.03125
0.03030303030303
0.029411764705882
0.028571428571429
0.027777777777778
0.027027027027027
0.026315789473684
0.025641025641026
0.025
0.024390243902439
0.023809523809524
0.023255813953488
0.022727272727273
0.022222222222222
0.021739130434783
0.021276595744681
0.020833333333333
0.020408163265306
0.02
0.019607843137255
0.019230769230769
0.018867924528302
0.018518518518519
0.018181818181818
0.017857142857143
0.017543859649123
0.017241379310345
0.016949152542373
0.016666666666667
0.016393442622951
0.016129032258065
0.015873015873016
0.015625
0.015384615384615
0.015151515151515
0.014925373134328
0.014705882352941
0.014492753623188
0.014285714285714
0.014084507042254
0.013888888888889
0.013698630136986
0.013513513513514
0.013333333333333
0.013157894736842
0.012987012987013
0.012820512820513
0.012658227848101
0.0125
0.012345679012346
0.01219512195122
0.012048192771084
0.011904761904762
0.011764705882353
0.011627906976744
0.011494252873563
0.011363636363636
0.01123595505618
0.011111111111111
0.010989010989011
0.010869565217391
0.010752688172043
0.01063829787234
0.010526315789474
0.010416666666667
0.010309278350515
0.010204081632653
0.01010101010101
0.01
