0.01
0.018344075359445
0.026548672566372
0.034617259873233
0.042553191489362
0.050359712230216
0.058039961941009
0.065596979707409
0.073033707865169
0.080352995819786
0.087557603686636
0.094650205761317
0.101633393829401
0.108509680324178
0.115281501340483
0.121951219512195
0.128521126760563
0.134993446920052
0.141370338248049
0.147653895824365
0.153846153846154
0.159949087823504
0.165964616680708
0.17189460476788
0.177740863787375
0.183505154639175
0.189189189189189
0.194794631964213
0.20032310177706
0.205776173285199
0.211155378486056
0.216462208151959
0.221698113207547
0.226864506052323
0.231962761830877
0.236994219653179
0.241960183767228
0.246861924686193
0.251700680272109
0.25647765677807
0.261194029850746
0.265850945494995
0.270449521002211
0.274990845844013
0.279475982532751
0.283905967450271
0.288281811646298
0.292604501607717
0.296875
0.301094246381927
0.305263157894737
0.309382629926753
0.313453536754508
0.317476732161324
0.32145305003427
0.325383304940375
0.329268292682927
0.333108790838666
0.336905559276624
0.340659340659341
0.344370860927153
0.348040829766217
0.351669941060904
0.355258873331163
0.358808290155441
0.36231884057971
0.365791159513133
0.369225868110864
0.372623574144487
0.375984872360542
0.379310344827586
0.382600561272217
0.385856079404467
0.389077445232953
0.392265193370166
0.395419847328245
0.39854191980559
0.401631912964642
0.404690318701143
0.407717618905175
0.410714285714286
0.413680781758958
0.416617560400707
0.419525065963061
0.422403733955659
0.425253991291727
0.428076256499133
0.430870939925266
0.433638443935927
0.436379163108454
0.439093484419263
0.441781787425994
0.444444444444444
0.447081820720469
0.449694274596998
0.452282157676348
0.454845814977973
0.457385585091806
0.459901800327332
0.462394786858539
