1.0
0.400008000160003
0.272732231495118
0.210529639941683
0.172416171257535
0.146343248088391
0.127274115717626
0.112677167239677
0.101124504489928
0.091743876784304
0.083970106642035
0.077419904270288
0.071823680598987
0.066986062592734
0.062761873918927
0.059040917200649
0.055737997314084
0.052786186910609
0.050132164216083
0.04773291334734
0.045553342964612
0.043564537595107
0.041742453418144
0.040066931809588
0.038520943682997
0.037090003887318
0.035761712556891
0.034525392378002
0.033371799126625
0.032292888750675
0.031281628501398
0.030331842681244
0.029438085817908
0.02859553773362
0.027799916218995
0.027047403956359
0.026334587049476
0.025658403062857
0.025016096896195
0.024405183148392
0.023823413883588
0.023268750915168
0.022739341885371
0.02223349954727
0.021749683759598
0.02128648578861
0.020842614579169
0.020416884712615
0.020008205814368
0.019615573211577
0.019238059671934
0.018874808080407
0.018525024931887
0.018187974535623
0.017862973842176
0.017549387816244
0.017246625289289
0.016954135234894
0.016671403417389
0.016397949370839
0.016133323670971
0.015877105467437
0.015628900247874
0.015388337808735
0.015155070410923
0.014928771100885
0.014709132180082
0.014495863807778
0.014288692723775
0.01408736107925
0.013891625365169
0.013701255428908
0.013516033570717
0.013335753712561
0.013160220632678
0.012989249259848
0.012822664022023
0.012660298244489
0.012501993593219
0.012347599559506
0.01219697298235
0.012049977605411
0.011906483665639
0.011766367510975
0.011629511244752
0.011495802394642
0.0113651336042
0.011237402345218
0.011112510649281
0.010990364857033
0.010870875383811
0.01075395650041
0.010639526127862
0.010527505645179
0.010417819709124
0.010310396085143
0.010205165488647
0.010102061435934
0.010001020104051
0.00990198019899
