0.0
-0.009707776415316999
-0.019228883132468
-0.028568653053294
-0.037732217857426004
-0.046724517404287
-0.055550308612826005
-0.06421417385249299
-0.072720528876574
-0.08107363032673301
-0.089277582835561
-0.09733634575203799
-0.105253739513047
-0.113033451682497
-0.12067904267810199
-0.128193951204503
-0.135581499410162
-0.142844897784254
-0.149987249808747
-0.15701155637981098
-0.163920720011803
-0.1707175488362
-0.177404760407039
-0.183984985323729
-0.190460770681347
-0.19683458335794002
-0.20310881314776702
-0.209285775748795
-0.21536771561233597
-0.221356808662176
-0.227255164890111
-0.23306483083440202
-0.23878779194727
-0.24442597485716303
-0.24998124953123801
-0.25545543134313703
-0.260850283050862
-0.266167516689293
-0.271408795381589
-0.276575735073523
-0.28166990619454
-0.286692835249122
-0.291646006341851
-0.296530862639374
-0.301348807772288
-0.306101207179812
-0.31078938939994
-0.315414647307666
-0.319978239303657
-0.324481390455717
-0.328925293595183
-0.333311110370346
-0.337639972258803
-0.341912981540659
-0.346131212234269
-0.35029571099624396
-0.35440749798727
-0.358467567705258
-0.362476889787255
-0.366436409781477
-0.37034704989073597
-0.374209709688522
-0.378025266808867
-0.381794577611144
-0.385518477820832
-0.389197783147248
-0.392833289879245
-0.396425775459737
-0.399975999039961
-0.403484702014292
-0.40695260853639403
-0.410380426017484
-0.413768845607404
-0.417118542659208
-0.420430177177904
-0.42370439425399403
-0.426941824482394
-0.43014308436731596
-0.43330877671365703
-0.436439491005408
-0.439535803771594
-0.44259827894021503
-0.44562746818064697
-0.448623911234936
-0.451588136238411
-0.45452066002999997
-0.457421988452663
-0.46029261664425797
-0.463133029319252
-0.465943701041566
-0.468725096488897
-0.471477670708826
-0.474201869367
-0.47689812898769
-0.479566877186966
-0.482208532898794
-0.484823506594259
-0.48741220049419504
-0.489975008775429
-0.492512317770875
