0.009708747290046
0.009615403106544
0.009523836734772
0.009433997864143
0.009345838064664
0.009259310699874
0.009174370844583
0.009090975207092
0.00900908205562
0.008928651148671
0.008849643669098
0.008772022161637
0.008695750473701
0.008620793699234
0.008547118125446
0.008474691182253
0.008403481394272
0.008333458335208
0.008264592584512
0.008196855686159
0.008130220109449
0.008064659211696
0.008000147202709
0.007936659110967
0.007874170751393
0.00781265869463
0.007752100237757
0.00769247337635
0.007633756777822
0.007575929755979
0.007518972246722
0.007462864784831
0.007407588481793
0.007353125004596
0.007299456555459
0.007246565852443
0.007194436110889
0.007143051025671
0.007092394754181
0.007042451900054
0.006993207497558
0.006944646996649
0.006896756248634
0.006849521492429
0.006802929341374
0.006756966770589
0.006711621104827
0.006666880006827
0.00662273146612
0.006579163788283
0.006536165584604
0.006493725762169
0.006451833514307
0.006410478311429
0.006369649892194
0.006329338255027
0.006289533649948
0.006250226570713
0.00621140774724
0.006173068138326
0.006135198924622
0.006097791501874
0.006060837474401
0.006024328648815
0.005988257027968
0.005952614805105
0.005917394358238
0.005882588244706
0.005848189195938
0.005814190112388
0.005780584058652
0.005747364258751
0.005714524091576
0.005682057086491
0.005649956919078
0.005618217407035
0.005586832506203
0.005555796306729
0.005525103029359
0.005494747021847
0.005464722755488
0.005435024821758
0.005405647929069
0.005376586899623
0.005347836666373
0.005319392270072
0.005291248856429
0.005263401673341
0.00523584606822
0.005208577485403
0.005181591463639
0.005154883633657
0.005128449715807
0.005102285517775
0.005076386932365
0.00505074993535
0.00502537058339
0.005000245012006
0.004975369433619
0.00495074013565
