63
125
1 1
2 1
3 1
2 2
4 2
5 2
3 3
6 3
7 3
4 4
8 4
9 4
5 5
10 5
11 5
6 6
12 6
13 6
7 7
14 7
15 7
8 8
16 8
17 8
9 9
18 9
19 9
10 10
20 10
21 10
11 11
22 11
23 11
12 12
24 12
25 12
13 13
26 13
27 13
14 14
28 14
29 14
15 15
30 15
31 15
16 16
32 16
33 16
17 17
34 17
35 17
18 18
36 18
37 18
19 19
38 19
39 19
20 20
40 20
41 20
21 21
42 21
43 21
22 22
44 22
45 22
23 23
46 23
47 23
24 24
48 24
49 24
25 25
50 25
51 25
26 26
52 26
53 26
27 27
54 27
55 27
28 28
56 28
57 28
29 29
58 29
59 29
30 30
60 30
61 30
31 31
62 31
63 31
32 32
33 33
34 34
35 35
36 36
37 37
38 38
39 39
40 40
41 41
42 42
43 43
44 44
45 45
46 46
47 47
48 48
49 49
50 50
51 51
52 52
53 53
54 54
55 55
56 56
57 57
58 58
59 59
60 60
61 61
62 62
63 63
