0.336644554818493
0.25433305778231
0.204735722120371
0.171578768598922
0.1478471547713
0.130019963023734
0.116135812323978
0.105015474029845
0.095907336542879
0.088309685755186
0.081874816859519
0.076354151273238
0.071565261999893
0.067371240823652
0.063667334556655
0.060372028293493
0.057420939942016
0.054762543590218
0.052355112986153
0.050164497453525
0.048162477230342
0.046325529447911
0.044633889911779
0.043070831139445
0.041622100651913
0.040275479499449
0.039020432030163
0.037847825633169
0.036749704671236
0.035719106760331
0.034749912421724
0.033836721242032
0.032974749244254
0.03215974334896
0.031387909695034
0.030655853268969
0.029960526814554
0.02929918740015
0.028669359337133
0.028068802391748
0.027495484429281
0.026947557785892
0.026423338788654
0.025921289945045
0.025440004404568
0.024978192361373
0.024534669120753
0.024108344596739
0.023698214044465
0.023303349861198
0.02292289431497
0.022556053080628
0.022202089480611
0.021860319342404
0.021530106396979
0.021210858152972
0.020902022190177
0.020603082823468
0.020313558094663
0.020032997055313
0.019760977308127
0.01949710277874
0.019241001693043
0.018992324738274
0.018750743388695
0.018515948378899
0.018287648309802
0.018065568374039
0.017849449189003
0.017639045727075
0.017434126333715
0.017234471825118
0.017039874658013
0.01685013816495
0.016665075849143
0.016484510733512
0.016308274759131
0.016136208228762
0.015968159291573
0.015803983465537
0.015643543194322
0.015486707435816
0.015333351279665
0.015183355591478
0.015036606681548
0.014892995996139
0.014752419829567
0.014614779055462
0.014479978875726
0.014347928585853
0.014218541355374
0.014091734022301
0.01396742690054
0.013845543599329
0.013726010853835
0.013608758366106
0.013493718655656
0.013380826919
0.013270020897533
0.013161240753155
