0.9
0.000363429145941
0.000662061153488
0.000328929378742
0.000776234629664
0.000278269673582
0.000358681637514
0.000259498868924
0.000307678377570
0.000715069405784
0.000711949749794
0.000162544320318
0.000289784247841
0.000164921496776
0.000535067002299
0.000414681510270
0.000325242134803
0.000553582500119
0.000398636740955
0.000492277560469
0.000270913572414
0.000566393016320
0.000430847204569
0.000587727069523
0.000441316533011
0.000365628854462
0.000330557412163
0.000840456619120
0.000762743108156
0.000725661808255
0.000558059756864
0.000719449250765
0.000581210291376
0.000355590614642
0.000300523614198
0.000407007319434
0.000508640769861
0.000379350158270
0.000605887170858
0.000277213010287
0.000636944146768
0.000507103129692
0.000119345275595
0.000413906331523
0.000712241298215
0.000408137190239
0.000384142661234
0.000555552318919
0.000248001117132
0.001079545058003
0.000488839746708
0.000758773751514
0.000421705963243
0.000619753534149
0.000372690799179
0.000302832732807
0.000294276556338
0.000399014253227
0.000945146160731
0.000476636509179
0.000358872631343
0.000687387619308
0.000459185396976
0.000880114434714
0.000648285875053
0.000239876327073
0.000613689147573
0.000394790404613
0.000327655826298
0.000257030886022
0.000428684294035
0.000186080035764
0.000124926267978
0.000877417207315
0.000295622719937
0.000307142470441
0.000763404858279
0.000651513752609
0.001334916443046
0.000461020331659
0.000662250636524
0.000521005915011
0.000495563381857
0.000965120597102
0.000446909104657
0.000520697804678
0.000178271887071
0.000314803920314
0.000710272653598
0.000213622787736
0.000269358139454
0.000229468338275
0.000589408047892
0.000476370420475
0.000772766593095
0.000296227354601
0.000394596722468
0.000225175325441
0.000467831391995
0.000278848415427
0.000441202446618
0.000580044366009
0.000400205156273
0.000299458184034
0.000405732395317
0.000357477772221
0.000542946337550
0.000532520109058
0.001046489856269
0.000713067339038
0.000252969972109
0.001155191964523
0.000223330958660
0.000723939679147
0.000541351463585
0.000876305365473
0.000359086897002
0.000167667166472
0.000280657463360
0.000289240252676
0.000256992757634
0.000525086003700
0.000496930078894
0.000370204418930
0.000417274917381
0.000874287625033
0.000435942200995
0.000278310839823
0.000234612355972
0.000487240999140
0.000861611830503
0.000497742684885
0.000333468921282
0.000375986188866
0.000368895715221
0.000172823005875
0.000219787006544
0.000430424489149
0.000347932707172
0.000392597514441
0.000645799016272
0.000190118832885
0.000616788180012
0.000458858022072
0.000543644738568
0.000509535275723
0.000908221185798
0.000380086748160
0.000937116852773
0.000559615066082
0.000827608315310
0.000586249358167
0.000503412260640
0.000415491131661
0.000494053342269
0.000174452379987
0.000385860233974
0.000997386883759
0.000437134911358
0.000515022258263
0.000425561378355
0.000319982541224
0.000477220926558
0.000481282269731
0.000424419385991
0.000368465895408
0.000305534709517
0.000934953488721
0.000710954184691
0.000554759291379
0.000839384037305
0.001013754539280
0.000280528828216
0.000751540926351
0.000410647579549
0.000826062839719
0.000538666288402
0.000342328155322
0.000706960746577
0.000732444411215
0.001116434969007
0.000291478098840
0.000588482184250
0.000549175164753
0.000866478889433
0.000196983204447
0.000262468464289
0.000366139574925
0.000215757318060
0.000619840293258
0.000315703067414
0.000728457274380
0.000077619088451
0.000398625191029
0.000649807815401
0.000213233817248
0.000321345241493
0.000592239012606
0.000579321755337
0.000685158065184
0.000492176495316
0.000453630747515
0.000558661109527
0.000365584480639
0.000631320480907
0.000481442770411
0.000384077014203
0.000868518919644
0.000319514021292
0.000292719385194
0.000743016298748
0.000257523921940
0.000763560154242
0.000323586583927
0.000674638095481
0.000314454830994
0.000741099010182
0.000375376893376
0.000602458318937
0.000335029338094
0.000641310546581
0.000575263311898
0.000707937356906
0.000350098846544
0.000827060326050
0.000263775894257
0.000474982129603
0.000718377159144
0.000412301352786
0.000127698089727
0.000690969459811
0.000279595857437
0.000387531053627
0.000415895626953
0.000376826720045
0.000364207671617
0.000288004881101
0.000581956211824
0.000482445743071
0.000440747333414
0.000975986327899
0.000193306554557
0.000281158023108
0.000979992475950
0.000527876330694
0.001042777207439
0.000720356683776
0.000482598293395
0.000449773867249
0.000235875205138
0.000192635178517
0.000675186298100
0.000523885044069
0.000239166401551
0.000395519116438
0.000382426247099
0.000471856332394
0.000756273485258
0.000772524554742
0.000598296834973
0.000171792434098
0.000624740016998
0.000467248050440
0.001011340063079
0.000943017841830
0.000400633346296
0.000672070606467
0.000220020972253
0.000559391422443
0.000520039616980
0.000185054933185
0.000404797124561
0.000251218488403
0.000468656903404
0.000481135253657
0.000516743695589
0.000660261067685
0.000257366050547
0.000475443633325
0.000417464007775
0.000378896783209
0.000362997408010
0.000993054033143
0.000675457362943
0.000449055175088
0.000896739073016
0.000849708140256
0.000488049171544
0.000462295099249
0.000980281149499
0.000602953953155
0.000406512935983
0.000400561015303
0.000609518311336
0.000579237650276
0.000961206513801
0.000706240934790
0.000428496990119
0.000395423207452
0.000723120707529
0.000663793517287
0.000425638942684
0.000522628197991
0.000246057386722
0.000362397201640
0.000623914369471
0.000311494580306
0.000544563140568
0.000598931951944
0.000614004128192
0.000356229879135
0.000693290209825
0.000267871203232
0.000964239745319
0.000743101746407
0.000486462297827
0.000749007623472
0.000410014132023
0.000649639209871
0.000357914259441
0.000390735386445
0.001015550608865
0.000160299546939
0.000250929598246
0.000852417329870
0.000488866509314
0.000569591496992
0.000706833490253
0.000817709109399
0.000515810171345
0.000652750173584
0.000951837634486
0.000551714860261
0.000784611269466
0.000799557743931
0.000422249279526
0.000521641641602
0.000270384765940
0.000525623120495
0.001062621798074
0.000753923545874
0.001562446735011
0.000529760681226
0.000746465928317
0.000303104349695
0.000437123992859
0.000470072518911
0.000600698003490
0.000502302291946
0.000710304351803
0.000463121338602
0.000228960497927
0.000348473882630
0.000652325796300
0.000501326300742
0.000736672422737
0.000229381725788
0.000420600195821
0.000692230087458
0.000655337528752
0.000588058852264
0.000442401211897
0.000208942440673
0.000280235901640
0.000547574362157
0.000465205312589
0.000998815213431
0.000767283394321
0.000655386171013
0.000264033983539
0.000762019175685
0.000428485585469
0.000190744679775
0.000312293401400
0.000302250620575
0.000295628300448
0.000065114156359
0.000363191531001
0.000421051642546
0.000290003824956
0.000565873024214
0.000527833528572
0.000756058488670
0.000192389163830
0.000663449957326
0.000170989049373
0.000680259905630
0.000421887246743
0.000376180523399
0.000389121199353
0.000442711196343
0.000307037571472
0.000460540197059
0.000280565565335
0.000329776817522
0.000653745125309
0.000259694129797
0.000337824367443
0.000815726788998
0.000759917231325
0.000318589762978
0.000836559336127
0.000707268230441
0.000377445888813
0.000531854770021
0.000182970007221
0.000396166368041
0.000409572570141
0.000348027224311
0.000821151120321
0.000350789379339
0.000257848017235
0.000701722272050
0.000138943689904
0.000559773932905
0.000304364905993
0.000540962142265
0.000668184231585
0.000744557192414
0.000502661262356
0.000407075103977
0.000581227952814
0.000935687727508
0.000376993412616
0.000201456359361
0.000523844899472
0.000065114156359
0.000481526781643
0.000466657881129
0.000555338657141
0.000788325062901
0.000960460462847
0.000814200958786
0.000065114156359
0.001147231579063
0.000461837438267
0.000352101066703
0.000675543586643
0.000107686701950
0.000447461991494
0.000356683036091
0.000415744198348
0.000414150187805
0.000365629868749
0.000525171817158
0.000599572320792
0.000498524309961
0.000351417654428
0.001523972899970
0.000449428197461
0.000788080956090
0.000375285321957
0.000158122580338
0.000362854017627
0.000465542840466
0.000466165092748
0.000603626763607
0.000252300278891
0.000626311207156
0.000405523921442
0.000636459204387
0.000546744257166
0.000570390722985
0.000194521778806
0.000476964641183
0.001169190973712
0.000728329620498
0.000553860542649
0.000513984109681
0.000637078859567
0.000687434889711
0.001153332674786
0.000657484273501
0.000221936379352
0.000600288350982
0.000177791455716
0.000315631059227
0.000566282632838
0.000880627866958
0.000297471916221
0.000306577133922
0.000607272286180
0.000169705806184
0.000370921064530
0.000569006452249
0.000354432388903
0.000288838235229
0.000570574932653
0.000806122202222
0.000615276925471
0.000778254778131
0.000480415164947
0.000290810627991
0.000298912357266
0.000600587125808
0.000559142024271
0.000657847693100
0.000755271394172
0.000558717351713
0.000212653991430
0.000924555887051
0.000827217970070
0.000359201092437
0.000282824469854
0.000482298001209
0.000108467750987
0.000933985744579
0.000657877766032
0.000425685145733
0.000330641967294
0.000442308240880
0.000652325591090
0.000543950042657
0.000753227955263
0.000597884181965
0.000536755653686
0.000658548281415
0.000303193733413
0.000638283961030
0.000313895344867
0.000282469860650
0.000661582821549
0.000605985418269
0.000543476140500
0.000274248661881
0.000353087620236
0.000414011537112
0.000751771965396
0.000553164501111
0.000295961361580
0.000597554918537
0.000245513765479
0.000485538683581
0.000954822379055
0.000709133909272
0.000368371068977
0.000435470249924
0.000402114254925
0.000453290856063
0.000613624975670
0.000545886977587
0.000501175467306
0.000443382742586
0.000515598877911
0.000680497829015
0.001116963805899
0.000643955960921
0.000763310698388
0.000505588261570
0.000468308629657
0.000150606080176
0.000671017060700
0.000350872463985
0.000249614416985
0.000306397208766
0.000751464830608
0.000545900977041
0.000191446513502
0.000332030200820
0.000560395484521
0.000979237228527
0.000615459947599
0.000533634614068
0.000600947801159
0.000461550304442
0.000436355526628
0.000425846514286
0.000379614799513
0.000539415734565
0.000122613838075
0.000271135333774
0.000465588968403
0.000194243545283
0.000597980047170
0.000779932626519
0.000675086125746
0.000399756167705
0.000582345533231
0.000557657420939
0.000804825943549
0.000534099654855
0.000474603070930
0.000466630241609
0.000584452407535
0.000674445233574
0.000232907694521
0.000419171212796
0.000685582073605
0.000946331854472
0.000653216234208
0.000501543195871
0.000157298957166
0.000778679678122
0.000166170193221
0.000394698737386
0.000255474065291
0.000770971103276
0.000416154685118
0.000919336423788
0.001221701759116
0.000636525112206
0.000371384682155
0.000441322830243
0.000867482216546
0.000618229331322
0.000352349432523
0.000297521124529
0.000206439292528
0.000309488911461
0.000478342751392
0.001054469148943
0.000980880894537
0.000356696829965
0.000971943145548
0.000481677997904
0.000065114156359
0.000334310188531
0.000495762085282
0.000355118386749
0.000971070366315
0.000360308985203
0.000273214435275
0.000317989309321
0.000602967669787
0.000171252390592
0.000393687144442
0.000394904412581
0.000276194278263
0.000561413098037
0.000262028489876
0.000574585031238
0.000411894304041
0.000449581294756
0.000570202971548
0.000430105201563
0.000405380628917
0.000374410060989
0.000445183817962
0.000586525804596
0.000724855164719
0.000816480621788
0.000316179080562
0.000589250546112
0.000297847642731
0.000545869115932
0.000695304070208
0.000324952246571
0.000901068962057
0.000322593481341
0.000590399358733
0.000741777038699
0.001063793588895
0.000692531873897
0.000284672378626
0.001157248224279
0.000688829590957
0.000406326263269
0.000308756535852
0.000886879719301
0.000435657971856
0.000727742219491
0.000511993274678
0.000492487502974
0.000130716502887
0.000442022075988
0.000280060773354
0.000503950825080
0.000565931580071
0.000216833985033
0.000484969776854
0.000200056084222
0.000402896341400
0.000287712518602
0.000458970487068
0.000336952856287
0.000691417032577
0.000367396677890
0.000298958786630
0.000485907678823
0.000606202326255
0.000790711655146
0.000593002230523
0.000535245624856
0.000341825819062
0.000668916614287
0.000408225912888
0.000664431921938
0.000768088622523
0.000957785057620
0.000689811749656
0.000409085696527
0.000742622676361
0.000726636971797
0.000470861967526
0.000300242125117
0.000417695913835
0.000793405955681
0.000613825245389
0.000467043397897
0.000471649229484
0.000629912943038
0.000683430764710
0.001048145335624
0.000516158738154
0.000406897349135
0.000224801259748
0.000530018714608
0.000245163446260
0.000392570663898
0.000509423931227
0.000302916369246
0.000385114713961
0.000322979429741
0.000768568974106
0.000620465743741
0.000555844680996
0.000431379809499
0.000291460165699
0.000363939789848
0.000557444026379
0.000410076755197
0.000753614966535
0.001119963760891
0.000476967986943
0.000636626531952
0.000569621428083
0.000393314840627
0.000365632206471
0.000689647104005
0.000761889726499
0.000311710348600
0.000484463677529
0.000779466987168
0.000584227999423
0.000760469968064
0.000509916144119
0.000506279505814
0.000469996006266
0.000354313975697
0.000735738227271
0.000366459755230
0.000568203856283
0.000606234057592
0.000637103315125
0.000303826572400
0.000348503438901
0.000464049878768
0.000118257557759
0.000855974766126
0.000345328389312
0.001221530504198
0.001013625635792
0.000278612823628
0.000402153865517
0.000285858528254
0.000856355138657
0.000519014897393
0.001027249159027
0.000523053683260
0.000660566029810
0.000572549439907
0.000269306126655
0.000649715329508
0.000589689086089
0.000692622520750
0.000386793568445
0.000955495991028
0.000509631930963
0.000242580189364
0.000758277482743
0.000550417091311
0.000203276729634
0.000272937027364
0.000439495214630
0.000547062371160
0.000445084739260
0.000416119993514
0.000389103033431
0.000307754332532
0.000287175094818
0.000431944057459
0.000802180339035
0.000866716611948
0.000409071633520
0.000448147279006
0.000450332830449
0.000644294555178
0.000644244817931
0.000619345975995
0.000363276966474
0.000662095427415
0.000372388627961
0.000424953750227
0.000148660875482
0.000172346654823
0.000403556121643
0.000600342608166
0.000919646918845
0.000505097195176
0.000241823644659
0.000652281119170
0.000607355928169
0.000144567526075
0.000531969905464
0.000376975725112
0.000737286595539
0.000509396984809
0.000560505285305
0.000557897858925
0.000988248973719
0.000760791517842
0.001103229737562
0.000820120657629
0.000095331198790
0.000530525031418
0.000285976709932
0.001243933575998
0.000690420981408
0.000347896115089
0.000191250436516
0.000828066205714
0.000226688959326
0.000798488800497
0.000432598016486
0.000406956899451
0.000417999001864
0.000304385571194
0.000278919023896
0.000830998198412
0.000571662234102
0.000525916807259
0.000704623951287
0.000850256365679
0.000235978510214
0.000865450626415
0.000424768775282
0.000173233628791
0.000615695973062
0.000506545180664
0.000675485479879
0.000502974493269
0.000699296873764
0.000792769115836
0.000719783422597
0.000576151755243
0.000299019848071
0.000285746791788
0.000620281940437
0.000692639180157
0.000222686326727
0.000333011495439
0.000506686314859
0.000251685953594
0.000601526642362
0.000454871129743
0.000534043127183
0.000223836358855
0.000296257900487
0.000252163802098
0.000432233347150
0.000820174313818
0.000400206375022
0.000158755576541
0.000388636213623
0.000675036476384
0.000202066560499
0.000468346507088
0.000579676444721
0.000593062685245
0.000486596320399
0.000285681556432
0.000718406871224
0.000344351954823
0.000148698961442
0.000525119154229
0.000692206326986
0.000391064804457
0.000453432213829
0.000392899629744
0.000452074178980
0.000366781188301
0.000551024997924
0.000675987606104
0.000869563076489
0.000429760453260
0.000838930095347
0.000265344435856
0.001276956165470
0.000160625241225
0.000399113937973
0.000710613519496
0.000303145016540
0.000620716079926
0.000365980728418
0.000515923141554
0.000101477302483
0.000570997133329
0.000758024094344
0.000531884821918
0.000444045364352
0.000356290445033
0.000210393314991
0.001051790528928
0.000240616459540
0.000294373586909
0.000261585940506
0.000389473721144
0.000613958594838
0.000445646101813
0.000719295329419
0.000177204563514
0.000761247998107
0.000461286452569
0.000566700250926
0.000833214809126
0.000386798446470
0.000508031627261
0.000543508241626
0.000162445358872
0.000450512427243
0.000335323685269
0.000633429323334
0.000261845853104
0.000239094374526
0.000694093557625
0.000417102252541
0.000614317248909
0.000457058124941
0.000552209479765
0.000214688457078
0.000485570105928
0.000255450558394
0.000381384949125
0.000181612463212
0.000952918509418
0.000316073980826
0.000350498071233
0.000196321447700
0.000257935336459
0.000182599705505
0.000803862778782
0.000174801321043
0.000515626057521
0.000934673484389
0.000423478577147
0.000226067995524
0.000796196620531
0.000204869136082
0.000545130497121
0.000199468142313
0.000509545169169
0.000363480427019
0.000552947569408
0.000216678704850
0.000828391526954
0.000276680162531
0.000330714747625
0.000420499818864
0.000730535125097
0.000169408392284
0.000496242304948
0.000445155270348
0.000846025737452
0.000284671059889
0.000456116028730
0.000836928370188
0.000674309119488
0.000484933130693
0.000662467459905
0.000439705629513
0.000550120096661
0.000561411844377
0.000521438312148
0.000203147627497
0.000607986706788
0.000570610294383
0.000290737716510
0.000179260424601
0.000545043432340
0.000206781912948
0.000234474509835
0.000411993110871
0.000737075291782
0.000515324584997
0.000480273086169
0.000739926615601
0.000285986423948
0.000851049520605
0.000475121707215
0.000268664832929
0.002007820510840
0.000428538398372
0.000453135734746
0.000240853303486
0.000386880759466
0.000343415397593
0.000553017253885
0.000384325866328
0.000561657518188
0.000272700716322
0.000227989444157
0.000947206760598
0.000510060726982
0.000385522309757
0.000426845585360
0.000768547774900
0.000193534108936
0.000499916402572
0.000661939895552
0.000459534657677
0.000676645671720
0.000482889112466
0.000404860634827
0.000507156100621
0.000510940097164
0.000403879074324
0.000310525018135
0.000292217326266
0.000398830832169
0.000719461187576
0.000344969003603
0.000991658554135
0.000457183564390
0.000384043435582
0.000738963131562
0.000519524076813
0.000720631763678
0.000296459791463
0.000604568763636
0.000382531450781
0.000433962283305
0.000660567013391
0.000346511450840
0.000199035640380
0.000595658297734
0.000349452045921
0.000159851383078
0.001113224129797
0.001188710783219
0.000295702070361
0.000272192283113
0.000482089848763
0.000483497182696
0.000488164404850
0.000513095613071
0.000226667066800
0.000657395461664
0.000488599442104
0.000887309249113
0.000446900325668
0.000617273609973
0.000228012783382
0.000543797102158
0.000688739007115
0.000481197647741
0.000245656144864
0.000186505106071
0.000673784387155
0.000701843520161
0.000734462684153
0.000339108448539
0.000272860348529
0.000393464970669
0.000847675555740
0.000479053954434
0.000620569501964
0.000966698508018
0.000213701723782
0.000225857114642
0.000828543611203
0.000623820043948
0.000198919228603
0.000352892150890
0.000591039932629
0.000354190630742
0.000470549150789
0.000656655010906
0.000394209786060
0.000582413594598
0.000360797966716
0.000595880842688
0.000304207036309
0.000255224329800
0.000819258707002
0.000457102070252
0.000745295656095
0.000532082926417
0.000443738636383
0.000384947104648
0.000758140892928
0.000259050363163
0.000762402603052
0.000596575960706
0.001039416640290
0.000670338985115
0.000391897554082
0.000232422222113
0.000446149603459
0.000512724439762
0.000373530684981
0.000310772831917
0.000353184837609
0.000460521774656
0.000734813094647
0.000583074143649
0.000467569447742
0.000784140850474
0.000484972525577
0.000313385760369
0.000754186287572
0.000602567991504
0.000188801628384
0.000276927521742
0.000511811409929
0.000749079432762
0.000347165438315
0.000849529217842
0.000401349596662
0.000411822786643
0.000847790726779
0.000540789238481
0.000456827228111
0.000589344055260
0.000527467163166
0.000296022314706
0.000633109272054
0.000864412416805
0.000708966072767
0.000798269408549
0.000560446499308
0.000624881753290
0.000674041650866
0.000580047446336
0.000359430296519
0.000558596022492
0.000798997871629
0.000696499087876
0.000259444927086
0.000404450868689
0.000537287434952
0.000363894608969
0.000398575210746
0.000460846310641
0.000557638882691
0.000688988574046
0.000189092490840
0.000313672426283
0.000126439272785
0.000449981789012
0.000441395090449
0.000418014081357
0.000402277020181
0.000600026761216
0.000935018406971
0.000332851730138
0.000608451091658
0.000409561622880
0.000660123409046
0.000299537713082
0.000183614116881
0.000476888241295
0.000532169688520
0.000189113203846
0.000143182549287
0.000558739637909
0.000729984135516
0.000065114156359
0.000431982330894
0.000535647647292
0.000507554774281
0.000607245232399
0.000367621243273
0.000673063062371
0.000351692074306
0.000562833446333
0.000585845931112
0.000208678633721
0.000979185890169
0.000456425131490
0.000278274938187
0.000530862294500
0.000300187745046
0.000705509855782
0.000448019286918
0.000540589363214
0.000333450839518
0.000412842477040
0.000415670174881
0.000490929247984
0.000634537203838
0.000409895674473
0.000529606098870
0.000444803018676
0.000097895382219
0.000280654525250
0.000463644913491
0.001089329982532
0.000379572692554
0.000387162932891
0.000296025285826
0.000538711124770
0.000540023870988
0.000184577305883
0.000813524942209
0.000326238722347
0.000766692790956
0.000302984573854
0.000486345391078
0.000535183417078
0.000552319040785
0.000243386083075
0.000530664712373
0.000422266426079
0.000298918990892
0.000650499276276
0.000409077965633
0.000318583106554
0.000463421361394
0.000732267730159
0.000439999917145
0.000682846403941
0.000516388427699
0.000664542887275
0.000197286250436
0.000470940163970
0.000467786171093
0.000716003140448
0.000326779144288
0.000339185032489
0.000175586362129
0.000441811024018
0.000258258307625
0.000203266194988
0.000248240237840
0.000135905850371
0.000172578472523
0.000474434802244
0.001220733973074
0.000754583029011
0.000527714326301
0.000279232055646
0.000320427270568
0.000284947456304
0.000430742268939
0.000666274232797
0.000416672264474
0.000296702903040
0.000764989273747
0.000629707565229
0.000269479477743
0.000176333596831
0.000369998256451
0.000394327073675
0.000372172571997
0.000365915726595
0.000557141747609
0.001093986381614
0.000461750701757
0.000163932534937
0.000274324396957
0.001237395876787
0.001198616012125
0.000347057913034
0.000460578578134
0.000165428299072
0.000725244927010
0.000363947989808
0.000431313812313
0.000999284749946
0.000390606777839
0.000764267453927
0.000371448376066
0.000562458097902
0.000446166497734
0.000737993137648
0.000184356527494
0.000686963461153
0.000288464692401
0.000421216852232
0.000363254895541
0.000222205248932
0.000259878937222
0.000574471747937
0.000702827297831
0.000431580478307
0.000216307871899
0.000594487106203
0.000436358025619
0.000466900400143
0.000474788211683
0.000293886058017
0.000316641961134
0.000521570986511
0.001102598699897
0.000921354331080
0.000397785663859
0.000535506973510
0.000355508515508
0.000256494445905
0.000417056425199
0.000325856041463
0.000414738837606
0.000287276708987
0.000955735132116
0.000332873107989
0.000342067224090
0.000433834320628
0.000288161690321
0.000324985766077
0.000631443724988
0.000109904869267
0.000376917240334
0.000477534390663
0.000391781044758
0.000831949238452
0.000341187105436
0.000232342947513
0.000776250080909
0.000237786504713
0.000510533535257
0.000590887977005
0.000349050655104
0.000399172163072
0.000314712666803
0.000239358860665
0.000355538606511
0.000499649436293
0.000508062147691
0.000440564445426
0.000294475857266
0.000308401012243
0.000436349645591
0.000757466782625
0.000325143001509
0.000366259514094
0.000387080956790
0.000599628093433
0.000452604743135
0.000444449237459
0.000412846050370
0.000422854600813
0.000810559491592
0.000296668528392
0.000806480941838
0.000734772807846
0.000249666698770
0.000606495926086
0.000418790210054
0.000200899142000
0.000742703796418
0.000283634007618
0.000469646547675
0.000521232729290
0.000381542403014
0.000608377170176
0.000385208286473
0.000065114156359
0.000366460919034
0.000566551663134
0.000215655051598
0.000409130657083
0.000804062511773
0.000317605409519
0.000512951268050
0.000316646599867
0.000285105154719
0.000413873987598
0.000425524979902
0.000427597202928
0.000500791223492
0.000464165963494
0.000721354578392
0.000449054979828
0.000778106384386
0.000701898033935
0.000208298346057
0.000434981431699
0.000643513804095
0.000280040220531
0.000729402668800
0.000276151815203
0.000296728038404
0.000454474010006
0.000486214607536
0.000412206982504
0.000783124956751
0.000334165299175
0.001040964920746
0.000794934361729
0.000714084336668
0.000673909959906
0.000397880773655
0.000465340031330
0.000112330517314
0.000414589087058
0.000504923423312
0.000488511802326
0.000349334027730
0.000351084097938
0.000265290432880
0.000754007961617
0.000470031389039
0.000700468815039
0.000351556349778
0.001728906118039
0.000240500464567
0.000425228939383
0.000270448328769
0.000476731273316
0.000336145649047
0.000741444347586
0.000530676589266
0.000517608496213
0.000167566701637
0.000653325142532
0.000334981960564
0.000396500094422
0.000372928326693
0.000660779723063
0.000289516653297
0.000230377925792
0.000612466106751
0.000326354654543
0.000580857358235
0.000792939230799
0.000515271074822
0.000946330708949
0.000860317863531
0.000473387763821
0.000425725455904
0.000429834784835
0.000715870808537
0.000165584625453
0.001061855669466
0.000697833961160
0.000592512328837
0.000493313914340
0.000246705730317
0.000302058240063
0.000695521300250
0.000404410733386
0.000246820054486
0.000225853735849
0.000731873443714
0.000383733162648
0.000506726910377
0.000687991296612
0.000372454039155
0.000799658809125
0.000690179068011
0.000363516502188
0.000591200696196
0.000580661151466
0.000548742553111
0.000343422614162
0.000681535793049
0.000304866144718
0.000641945660045
0.000876579589056
0.000533488639289
0.000272991207146
0.000497600227670
0.000371190580443
0.000380917175705
0.000268363452406
0.000318046465659
0.000328396275648
0.000597136838428
0.000838935135516
0.000216625600757
0.000309886120365
0.000381936007468
0.000603622337837
0.000291259316057
0.000897618181558
0.000433489367101
0.000284186394545
0.000646179800587
0.000137099492850
0.000773183530376
0.000527748308709
0.000208944775352
0.001229572315730
0.000222414879926
0.000303682092924
0.000263141020337
0.000430592849792
0.000680075570145
0.000500877683537
0.000591344119623
0.000339359403683
0.000574540154856
0.000377188816398
0.000922860975459
0.000145205734110
0.000216186018139
0.000740771647946
0.000300185868618
0.000336877754958
0.000658911088040
0.000593825070899
0.000729599036449
0.000098608142569
0.000399011299070
0.000450251811948
0.000527225197565
0.000469777454824
0.000481215025127
0.000491525714461
0.000221251378724
0.000408420949566
0.000216875512227
0.000378637083602
0.000396246266278
0.000378020267254
0.000352260248320
0.001020113941522
0.000661100285625
0.000132137991842
0.000448622238430
0.000341685310750
0.000501301102220
0.000654519034479
0.000714356739516
0.000357503422807
0.000463017491217
0.000401037112032
0.000448298958724
0.000521705432293
0.000747717986430
0.000224511556530
0.000360397322655
0.000583131969135
0.000512571505694
0.000829397823401
0.000529365248888
0.000388523517862
0.000807915021313
0.000973112025447
0.000652613560857
0.000371878631367
0.000512547689467
0.000358799209220
0.000657169532031
0.000779062950931
0.000446346110743
0.000710658207815
0.000355291796968
0.000746411033077
0.000459093124890
0.000514936386144
0.000418373387346
0.001133501484703
0.000759065383922
0.000357300317235
0.000439913159761
0.001057946382843
0.000426490044423
0.000133779471963
0.000166735589829
0.000591313595553
0.000349381550411
0.000350249445307
0.000323292906550
0.001143562279026
0.000304245105944
0.000595147795242
0.000275541307305
0.000313455162962
0.000352946786302
0.000252745893360
0.000353031921759
0.000389595268952
0.000545827436221
0.000740620258875
0.000554470763912
0.000281611562194
0.000497932821229
0.000367932625658
0.000226189110898
0.000471155636395
0.000358966895104
0.000865675078036
0.000312990766681
0.000434036255415
0.000419673803235
0.000562668300125
0.000350827343033
0.000557402001763
0.000263238672038
0.000776450070320
0.000239656616506
0.000380981121150
0.000388733655558
0.000272434493717
0.000413876212908
0.000669358484271
0.000475705664689
0.000359149422392
0.000501757465701
0.000381585764723
0.000522248622876
0.000205890651655
0.000912046496111
0.000713289693077
0.000345603160452
0.000192094516606
0.000266536528384
0.000377832200183
0.000209291754273
0.000368649057767
0.000209682946765
0.000236828409774
0.000412416006115
0.000410053478163
0.000616958091869
0.000269226182374
0.000352038429793
0.000711173510166
0.000862994581491
0.000351659175194
0.000644131242957
0.000401793370134
0.000325709196664
0.000349281504749
0.000516967063191
0.000513414447068
0.000252808312832
0.000769887659386
0.000653985556767
0.000743338337130
0.001384348973944
0.000791300833841
0.000610987011102
0.000326733245733
0.000175083217316
0.000786564522847
0.000098485327754
0.000480496511266
0.000497731892394
0.000769670002203
0.000646581798895
0.000616502126172
0.000352032430725
0.000323425737054
0.000585635603098
0.000184022618912
0.001256143453433
0.000461214210177
0.000901890706398
0.000763343881840
0.000358502989381
0.000313520119015
0.000680695653788
0.000325345261822
0.000247902807855
0.000664588153904
0.000335881896915
0.000936962556991
0.000597013509231
0.000630290422654
0.000560207394181
0.000531396377040
0.000623713299830
0.000159953279307
0.000498608073066
0.000179852097379
0.000326236160752
0.000691985511898
0.000395527809913
0.000876129428211
0.000364235842885
0.000622542028361
0.000429927402990
0.000702021156568
0.000399787671912
0.000446309592856
0.001083431174510
0.000245245576593
0.000546905404847
0.000375232609685
0.000279122796714
0.000201446949541
0.000529475374924
0.000343999471478
0.000318923460409
0.000706929458786
0.000587623995982
0.000101806730511
0.001580543943886
0.000325675328040
0.000530372215277
0.000464073104063
0.000816587574319
0.000628049427279
0.000290410239049
0.000655848718368
0.000521262741184
0.000348714255277
0.000263489425915
0.000301117505513
0.000626727745986
0.001139854903591
0.000145320672104
0.000493794055238
0.000416887404981
0.000548513981059
0.000589458646617
0.000239056080475
0.000867809260491
0.000799334093957
0.000499340782423
0.000457189271227
0.000420573637874
0.000326585759592
0.000273071346698
0.000526941838851
0.000425731656021
0.000469038828276
0.000586708047913
0.000843330871583
0.000518165728388
0.000577084180940
0.000289360908188
0.000293768385851
0.000402037166339
0.000426216629180
0.000352308494970
0.000605160841068
0.000713643806284
0.000830211520413
0.000622724484195
0.000232859817401
0.000592315414467
0.000598173222802
0.000453272894278
0.000671806447174
0.000614994023668
0.000356582053640
0.000784288635637
0.000555018512964
0.000327380916630
0.000299751515103
0.000374574438294
0.000419973438097
0.000644052699932
0.000764357946748
0.000374397594473
0.000496598956632
0.000391545615810
0.000325544649273
0.000523102394840
0.000286997456461
0.000372502611325
0.000454874593526
0.000888918792592
0.001239531911492
0.000604744805113
0.000356905163550
0.000781207883718
0.001057576746210
0.000339781863284
0.000426404897471
0.000484790077873
0.000870197816795
0.000870011158003
0.000580237037855
0.000496305359550
0.000872558585156
0.000269497813454
0.000479939484268
0.000317176109807
0.000883009231463
0.000505626841446
0.000439516669740
0.000364965996039
0.000521765259157
0.000371548385511
0.000249211868004
0.000620083286775
0.000162169521212
0.000399745195698
0.000452677476854
0.000266313009505
0.000191701068677
0.000188890998514
0.000744583735910
0.000262371710582
0.000546388363867
0.000476978872470
0.000233691065587
0.001006347275010
0.000330645463869
0.000580244838512
0.000276818906861
0.000234493262289
0.000457390080942
0.000245540288990
0.000352883521765
0.000388828515463
0.000546663873254
0.000277128628836
0.000352188411840
0.000892934335287
0.000257374039292
0.000459922872508
0.000313644697799
0.000296480261226
0.000181992931254
0.000733848597925
0.000411442997539
0.000800347980900
0.000977335470765
0.000294538615660
0.000520401608187
0.000390664703871
0.000316830219355
0.000211118087589
0.000341954529481
0.000511108281921
0.000347292975664
0.000516788296102
0.000408299223892
0.000814587690008
0.000448057636593
0.000371946405269
0.000224583585673
0.001174856050929
0.000652526601965
0.000446513705688
0.000162260574937
0.000285117373500
0.000943865114886
0.000580098600414
0.000431949824178
0.000710270744207
0.000572467550580
0.000535420554931
0.000356214819254
0.000856211065142
0.000604656295148
0.000349767059129
0.000740388725036
0.000654577374953
0.000194615763205
0.000430589571563
0.000621239639711
0.000470070427353
0.000132970398980
0.000389430462034
0.000563943045384
0.000317941000647
0.000496149514912
0.000503378869808
0.000415609680731
0.001089997529306
0.000443800885065
0.000285296745568
0.000847934792276
0.000301117140503
0.000733942246136
0.000570032411010
0.000569755250206
0.000210829773295
0.000398441906549
0.000148454119393
0.000885945391914
0.000451515380096
0.000258058110013
0.000245099921662
0.000184216820448
0.000466416638494
0.000289426728886
0.000665995675583
0.000232966198695
0.000822624891643
0.000739055232817
0.000468563092531
0.000221312373937
0.000419014337192
0.000556658186207
0.000446098477202
0.000778456151887
0.000687467908242
0.000263679341637
0.000457865422072
0.000127343067215
0.000320952320730
0.000752537159480
0.000292593915199
0.000225787316202
0.000412816451787
0.000295337059645
0.000401804663124
0.000505109882804
0.000480068176080
0.000219470947002
0.001177014428057
0.000596097023119
0.000596919045522
0.000819719735887
0.000202769154950
0.000266065555227
0.000918299022725
0.000531457898328
0.000593813254835
0.000300695278020
0.000340970742991
0.000226569419933
0.000321682308062
0.000413214664790
0.000743731177194
0.000229912171118
0.000334134342088
0.000151673195836
0.000878007996581
0.000481050325149
0.000362046676792
0.000257506363056
0.000099609402517
0.000461776046788
0.000308713407218
0.001083626018430
0.000304137477939
0.000771130333598
0.000446952433252
0.000373616990919
0.000292012495664
0.000364366462985
0.000464580033553
0.000529383917249
0.000642898607664
0.000332205174283
0.000779191832633
0.001162829941064
0.000390878619483
0.000351726382875
0.000767429154163
0.000575982440206
0.000231288901489
0.000287278156146
0.000317552698831
0.000371824403028
0.000584009901070
0.000415326088381
0.000384033352983
0.000906665947583
0.000544033548355
0.000788046297545
0.000390087158463
0.000383347617620
0.000395111755649
0.000464571176564
0.000384005798503
0.000258082190877
0.000340543547460
0.000880518814018
0.000300239850439
0.000259640805051
0.000396828946524
0.000131020814437
0.000659497367044
0.000645587272312
0.000641324030647
0.000293765894309
0.000500443037038
0.000255609350230
0.000724852686540
0.000938429627102
0.000549480355398
0.000860360093822
0.000285226620689
0.000316514090592
0.000138613778676
0.000525663118118
0.000248618359202
0.000609435160899
0.000318866507038
0.000315510278113
0.000448742675421
0.000233428352458
0.000392418728078
0.000789506077565
0.000822749492412
0.000760964452875
0.000324383814170
0.000254971416214
0.000563619708608
0.000645992168311
0.000450012679452
0.000554992073520
0.000519164629876
0.000139865738826
0.000370747858497
0.000481012269151
0.000460675116482
0.000590052975673
0.000574394010413
0.000286554668352
0.000339251334128
0.000504124182512
